53
86
63
65
44
49
74
19
35
77
62
61
78
91
55
93
35
91
29
51
92
65
58
44
37
31
32
65
54
79
16
46
15
65
81
98
34
81
26
65
13
91
92
56
11
52
38
64
74
55
44
54
24
82
63
81
37
68
53
55
96
78
55
22
76
22
66
51
91
82
39
99
77
16
46
11
52
21
42
99
45
51
54
13
51
11
45
85
66
55
12
71
25
48
56
42
89
12
15
21
18
82
54
63
66
39
52
95
22
72
73
56
75
36
49
57
25
17
63
13
97
41
53
14
61
53
35
74
35
96
33
26
55
55
58
18
71
27
54
61
78
42
55
18
87
99
54
73
22
32
65
69
46
11
91
55
52
93
97
71
63
49
82
13
37
85
75
17
79
81
66
93
43
14
85
71
91
46
98
85
58
78
63
21
67
91
43
47
84
38
55
24
96
16
61
54
75
68
61
55
19
96
48
88
59
92
37
54
16
33
51
48
81
79
99
45
97
14
96
89
19
66
82
45
56
59
38
62
11
83
81
25
23
83
45
72
14
42
87
88
86
59
46
54
18
84
97
83
73
81
88
27
88
25
99
95
66
49
22
48
38
19
82
37
19
23
49
11
39
97
63
92
41
53
78
71
86
67
88
66
63
39
93
19
41
62
22
84
85
88
36
39
45
55
77
46
44
99
37
32
34
24
42
12
46
88
37
24
72
64
87
15
84
71
59
55
95
94
57
34
17
77
64
91
23
34
83
49
88
42
79
75
13
31
89
92
72
77
29
18
13
15
45
11
62
99
86
99
39
36
29
95
34
43
56
54
17
93
77
48
81
94
14
75
69
38
69
41
74
48
28
28
76
22
77
53
34
31
89
47
88
37
83
24
14
67
83
42
15
83
92
56
27
13
51
19
81
53
84
78
11
22
23
52
62
94
16
11
45
64
35
12
13
77
96
15
82
96
17
78
29
57
24
97
61
55
52
33
12
79
92
96
51
29
41
64
11
42
26
91
74
25
86
34
41
73
33
47
11
38
33
78
54
53
61
51
49
21
19
55
73
28
59
52
33
44
66
22
29
52
13
86
95
97
65
31
64
28
58
72
56
38
45
19
73
11
63
17
25
76
64
79
89
41
95
61
99
98
82
52
26
72
33
65
67
66
65
26
97
79
32
22
56
75
96
27
44
28
21
23
85
45
53
29
71
13
61
75
28
55
23
72
37
57
55
26
56
71
14
28
65
55
33
74
56
89
57
23
11
82
62
25
46
24
64
13
25
24
18
71
66
59
49
92
61
89
71
66
77
14
72
64
39
41
88
92
71
73
43
83
18
25
29
84
36
38
74
39
63
86
78
78
26
57
86
56
77
49
69
99
32
44
35
88
66
22
95
22
17
14
83
43
91
48
51
57
34
94
54
26
31
56
88
85
82
48
25
37
37
59
37
75
62
15
53
15
15
14
28
54
66
72
42
79
54
35
83
38
83
88
28
67
77
84
12
56
34
43
23
41
55
76
21
43
76
21
12
23
45
55
82
22
66
98
12
92
31
42
32
11
74
33
36
82
42
64
51
56
39
78
11
71
24
44
91
33
19
59
61
45
83
62
55
88
95
13
76
85
42
42
34
19
82
22
27
57
48
85
66
18
52
29
86
57
66
22
51
71
67
86
39
11
95
53
36
69
33
85
37
39
33
37
11
99
25
74
53
36
36
57
94
66
18
43
74
74
33
85
66
29
18
88
19
58
52
19
66
48
64
16
78
72
86
64
13
91
64
73
11
44
58
51
94
88
57
85
59
48
62
22
94
87
68
77
29
63
23
24
55
79
31
24
17
93
59
14
75
83
81
61
81
99
18
68
36
32
74
15
72
47
31
91
93
55
94
59
84
24
47
41
77
71
74
51
52
55
67
36
77
34
57
58
59
77
28
89
43
64
76
52
55
18
41
21
14
96
37
11
58
73
87
78
78
86
52
24
58
33
13
61
41
77
12
69
83
61
73
19
88
37
83
28
23
16
79
28
29
19
37
54
41
12
14
28
17
35
56
56
49
17
51
93
24
93
21
11
67
62
13
18
82
94
19
32
52
31
15
49
19
28
81
54
13
93
98
13
12
53
75
92
92
81
69
86
52
58
99
59
11
51
41
45
86
52
41
17
47
83
55
69
37
18
44
93
99
66
72
48
48
84
96
43
91
12
54
93
89
98
22
95
73
74
22
62
28
23
96
21
81
37
24
13
21
41
67
33
39
36
76
45
33
49
71
28
99
23
25
13
64
82